svid: 124
toe: 198000.000000
Week Number: 953
valid: 3
health: 0
sqrta: 5282.660433
e: 0.000618
M0: 2.783446
w0: 0.829978
i0: 0.945510
Omega0: 0.239380
deltaN: 3.675867e-09
di/dt: -1.539350e-10
OmegaDot: -6.741352e-09
Cuc: 5.559064e-06
Cus: 1.424924e-05
Crc: 59.828125
Crs: 115.937500
Cic: -1.117587e-08
Cis: -3.306195e-08
