svid: 11
toe: 201600.000000
Week Number: 261
valid: 3
health: 0
sqrta: 5153.695063
e: 0.001234
M0: 3.119190
w0: -2.517212
i0: 0.966528
Omega0: 2.946383
deltaN: 3.968380e-09
di/dt: -1.239337e-10
OmegaDot: -7.802468e-09
Cuc: -6.061047e-06
Cus: 1.284853e-05
Crc: 133.593750
Crs: -119.687500
Cic: 3.539026e-08
Cis: -1.676381e-08
