svid: 122
toe: 198000.000000
Week Number: 953
valid: 3
health: 0
sqrta: 5282.617479
e: 0.000669
M0: 1.016058
w0: -0.102969
i0: 0.976375
Omega0: -1.852173
deltaN: 4.169459e-09
di/dt: 5.121642e-10
OmegaDot: -7.062080e-09
Cuc: 2.898742e-06
Cus: 4.818197e-06
Crc: 274.578125
Crs: 60.859375
Cic: 3.958121e-08
Cis: 3.259629e-09
