svid: 114
toe: 298800.000000
Week Number: 907
valid: 3
health: 0
sqrta: 5282.633781
e: 0.001398
M0: 2.485353
w0: -0.420066
i0: 0.970793
Omega0: -2.411353
deltaN: 3.375141e-09
di/dt: 2.610823e-10
OmegaDot: -6.511700e-09
Cuc: -4.429836e-06
Cus: 8.773990e-06
Crc: 185.875000
Crs: -88.265625
Cic: 1.955777e-08
Cis: -1.071021e-08
