svid: 107
toe: 198000.000000
Week Number: 953
valid: 3
health: 0
sqrta: 6493.416771
e: 0.003200
M0: -1.340815
w0: -2.678731
i0: 0.854642
Omega0: 1.499151
deltaN: 2.668325e-09
di/dt: 2.603680e-10
OmegaDot: -3.807301e-09
Cuc: 9.664334e-06
Cus: -2.000434e-05
Crc: 819.796875
Crs: 295.500000
Cic: -1.122244e-07
Cis: -2.942979e-07
