svid: 112
toe: 198000.000000
Week Number: 953
valid: 3
health: 0
sqrta: 5282.624998
e: 0.001001
M0: -2.939730
w0: -1.489813
i0: 0.982301
Omega0: 2.359463
deltaN: 3.546933e-09
di/dt: -5.146643e-10
OmegaDot: -6.950647e-09
Cuc: -7.526483e-06
Cus: 5.741138e-06
Crc: 255.937500
Crs: -152.859375
Cic: 1.071021e-08
Cis: 2.328306e-08
