svid: 127
toe: 435600.000000
Week Number: 907
valid: 3
health: 0
sqrta: 5282.625002
e: 0.000759
M0: 0.589357
w0: 1.256667
i0: 0.962696
Omega0: 1.790498
deltaN: 3.615151e-09
di/dt: 1.167906e-10
OmegaDot: -6.848500e-09
Cuc: 3.966503e-06
Cus: 6.437767e-06
Crc: 227.562500
Crs: 83.562500
Cic: 1.396984e-08
Cis: -1.071021e-08
