svid: 105
toe: 291600.000000
Week Number: 907
valid: 3
health: 0
sqrta: 6493.421898
e: 0.000418
M0: 1.596214
w0: 2.835813
i0: 0.072870
Omega0: -0.994726
deltaN: 1.168656e-08
di/dt: -2.060800e-10
OmegaDot: -1.065759e-08
Cuc: 8.955132e-06
Cus: -1.092441e-05
Crc: 330.781250
Crs: 277.656250
Cic: -4.027970e-07
Cis: -9.434298e-07
