svid: 110
toe: 198000.000000
Week Number: 953
valid: 3
health: 0
sqrta: 6493.528770
e: 0.009393
M0: -1.777965
w0: -2.468831
i0: 0.856929
Omega0: 1.493604
deltaN: 2.657254e-09
di/dt: 2.882263e-10
OmegaDot: -3.773729e-09
Cuc: 1.117680e-05
Cus: -1.993496e-05
Crc: 819.984375
Crs: 337.671875
Cic: -9.033829e-08
Cis: -3.115274e-07
