svid: 16
toe: 93600.000000
Week Number: 215
valid: 3
health: 0
sqrta: 5153.608040
e: 0.013321
M0: 2.723887
w0: 0.789031
i0: 0.965588
Omega0: 0.371317
deltaN: 3.879804e-09
di/dt: -2.703684e-10
OmegaDot: -7.430310e-09
Cuc: 5.060807e-06
Cus: 1.013465e-05
Crc: 185.281250
Crs: 101.406250
Cic: 2.421439e-08
Cis: -1.862645e-07
