svid: 108
toe: 194400.000000
Week Number: 953
valid: 3
health: 0
sqrta: 6493.354298
e: 0.002587
M0: 3.004677
w0: 3.090367
i0: 1.069462
Omega0: -2.583151
deltaN: 3.993023e-10
di/dt: 1.399344e-09
OmegaDot: -1.389701e-09
Cuc: 2.610032e-06
Cus: 3.658142e-05
Crc: -856.687500
Crs: 65.734375
Cic: -6.239861e-08
Cis: 3.320165e-07
