svid: 17
toe: 201600.000000
Week Number: 261
valid: 3
health: 0
sqrta: 5153.700077
e: 0.013423
M0: -2.386222
w0: -1.327575
i0: 0.969289
Omega0: 1.912370
deltaN: 4.656980e-09
di/dt: -2.403672e-10
OmegaDot: -8.346419e-09
Cuc: -2.823770e-06
Cus: 1.169741e-06
Crc: 361.250000
Crs: -58.687500
Cic: 1.303852e-07
Cis: 1.117587e-07
