svid: 123
toe: 198000.000000
Week Number: 953
valid: 3
health: 0
sqrta: 5282.664429
e: 0.000053
M0: 2.861433
w0: -0.815101
i0: 0.945517
Omega0: 0.239563
deltaN: 3.704440e-09
di/dt: -1.128618e-10
OmegaDot: -6.704565e-09
Cuc: 3.973488e-06
Cus: 1.518568e-05
Crc: 43.546875
Crs: 80.921875
Cic: -3.492460e-08
Cis: -2.561137e-08
