svid: 15
toe: 302400.000000
Week Number: 215
valid: 3
health: 0
sqrta: 5153.726967
e: 0.014901
M0: -0.092378
w0: 1.197421
i0: 0.932162
Omega0: -1.953345
deltaN: 5.040567e-09
di/dt: 4.853774e-10
OmegaDot: -8.410350e-09
Cuc: -1.842156e-06
Cus: 9.076670e-06
Crc: 192.406250
Crs: -36.125000
Cic: -1.732260e-07
Cis: 2.160668e-07
