svid: 113
toe: 194400.000000
Week Number: 953
valid: 3
health: 0
sqrta: 6493.186012
e: 0.004774
M0: 1.989782
w0: -2.382177
i0: 1.031494
Omega0: -2.613356
deltaN: 4.821629e-10
di/dt: 1.345056e-09
OmegaDot: -1.465418e-09
Cuc: 2.299435e-06
Cus: 3.724359e-05
Crc: -894.343750
Crs: 52.875000
Cic: -2.747402e-08
Cis: 3.012829e-07
