svid: 19
toe: 201600.000000
Week Number: 261
valid: 3
health: 0
sqrta: 5153.691038
e: 0.009675
M0: -0.367664
w0: 2.507232
i0: 0.968480
Omega0: 1.956745
deltaN: 4.741626e-09
di/dt: -2.832261e-10
OmegaDot: -8.644646e-09
Cuc: -3.384426e-06
Cus: 2.013519e-06
Crc: 348.468750
Crs: -64.406250
Cic: -2.980232e-08
Cis: -2.533197e-07
