svid: 103
toe: 198000.000000
Week Number: 953
valid: 3
health: 0
sqrta: 6493.397764
e: 0.000910
M0: 0.388534
w0: -1.374962
i0: 0.107703
Omega0: -1.496901
deltaN: 7.787467e-09
di/dt: 4.214461e-11
OmegaDot: -7.102796e-09
Cuc: -1.396984e-09
Cus: -3.847899e-05
Crc: 1185.078125
Crs: -9.171875
Cic: -1.695007e-07
Cis: -7.823110e-08
