svid: 13
toe: 439200.000000
Week Number: 215
valid: 3
health: 0
sqrta: 5153.670668
e: 0.006973
M0: 1.583568
w0: 0.907358
i0: 0.969437
Omega0: -1.675809
deltaN: 4.426256e-09
di/dt: 1.489348e-10
OmegaDot: -7.876400e-09
Cuc: -1.918525e-06
Cus: 9.180978e-06
Crc: 209.687500
Crs: -36.562500
Cic: -1.993030e-07
Cis: 1.490116e-08
