svid: 18
toe: 302400.000000
Week Number: 215
valid: 3
health: 0
sqrta: 5153.673342
e: 0.003211
M0: -1.162289
w0: 3.127702
i0: 0.973835
Omega0: 2.394944
deltaN: 4.189103e-09
di/dt: -9.893269e-11
OmegaDot: -8.099623e-09
Cuc: 8.381903e-08
Cus: 2.220273e-06
Crc: 345.937500
Crs: 2.468750
Cic: -5.774200e-08
Cis: -1.490116e-07
