svid: 126
toe: 442800.000000
Week Number: 907
valid: 3
health: 0
sqrta: 5282.616905
e: 0.000735
M0: 1.290228
w0: 0.522497
i0: 0.947524
Omega0: -0.337838
deltaN: 4.258749e-09
di/dt: -1.346485e-10
OmegaDot: -6.928503e-09
Cuc: 9.518117e-07
Cus: 6.674323e-06
Crc: 219.468750
Crs: 19.437500
Cic: -1.722947e-08
Cis: 4.423782e-08
