svid: 109
toe: 442800.000000
Week Number: 907
valid: 3
health: 0
sqrta: 6492.936453
e: 0.010991
M0: -0.409359
w0: -2.305667
i0: 0.950605
Omega0: -1.095038
deltaN: 1.306126e-09
di/dt: 3.003697e-10
OmegaDot: -1.745787e-09
Cuc: -2.257526e-06
Cus: 1.322897e-05
Crc: -172.812500
Crs: -63.171875
Cic: 7.264316e-08
Cis: -1.140870e-07
