svid: 116
toe: 442800.000000
Week Number: 907
valid: 3
health: 0
sqrta: 6493.627619
e: 0.006008
M0: -0.054876
w0: -2.259404
i0: 0.961012
Omega0: -1.145645
deltaN: 1.312198e-09
di/dt: 3.289423e-10
OmegaDot: -1.715786e-09
Cuc: -3.537163e-06
Cus: 1.331232e-05
Crc: -176.187500
Crs: -113.656250
Cic: 1.951121e-07
Cis: -1.327135e-07
