svid: 12
toe: 295200.000000
Week Number: 215
valid: 3
health: 0
sqrta: 5153.602882
e: 0.008808
M0: 2.513101
w0: 1.374739
i0: 0.965830
Omega0: 0.351511
deltaN: 4.342324e-09
di/dt: -5.157358e-10
OmegaDot: -7.628532e-09
Cuc: 2.164394e-06
Cus: 8.486211e-06
Crc: 211.531250
Crs: 44.625000
Cic: 4.284084e-08
Cis: -1.676381e-07
