svid: 125
toe: 198000.000000
Week Number: 953
valid: 3
health: 0
sqrta: 5282.632109
e: 0.000499
M0: 2.059885
w0: 0.757310
i0: 0.947034
Omega0: 0.215665
deltaN: 3.736941e-09
di/dt: -1.750073e-10
OmegaDot: -6.701351e-09
Cuc: 4.540663e-06
Cus: 1.576869e-05
Crc: 30.953125
Crs: 96.156250
Cic: -3.026798e-08
Cis: -2.002344e-08
