svid: 111
toe: 198000.000000
Week Number: 953
valid: 3
health: 0
sqrta: 5282.631491
e: 0.001901
M0: 2.658936
w0: -1.620419
i0: 0.983919
Omega0: 2.372085
deltaN: 3.440500e-09
di/dt: -5.007351e-10
OmegaDot: -6.883144e-09
Cuc: -7.755123e-06
Cus: 5.632173e-06
Crc: 258.250000
Crs: -158.984375
Cic: -2.793968e-09
Cis: 7.217750e-08
