svid: 106
toe: 442800.000000
Week Number: 907
valid: 3
health: 0
sqrta: 6492.835247
e: 0.003765
M0: 0.558561
w0: -2.976253
i0: 0.945797
Omega0: -1.139124
deltaN: 1.383986e-09
di/dt: 3.164418e-10
OmegaDot: -1.748644e-09
Cuc: -3.426801e-06
Cus: 1.340220e-05
Crc: -185.703125
Crs: -108.312500
Cic: 1.695007e-07
Cis: -1.578592e-07
