svid: 104
toe: 198000.000000
Week Number: 953
valid: 3
health: 0
sqrta: 6493.384329
e: 0.000450
M0: -2.979825
w0: 2.853600
i0: 0.106567
Omega0: -1.493935
deltaN: 6.790997e-09
di/dt: -3.571577e-12
OmegaDot: -5.762740e-09
Cuc: 2.686866e-07
Cus: -3.331853e-05
Crc: 1016.109375
Crs: 1.468750
Cic: 4.423782e-08
Cis: -1.396984e-07
