svid: 14
toe: 201600.000000
Week Number: 261
valid: 3
health: 0
sqrta: 5153.702610
e: 0.004259
M0: 0.312623
w0: -2.943884
i0: 0.946276
Omega0: 0.829022
deltaN: 4.853416e-09
di/dt: 3.264422e-10
OmegaDot: -8.484639e-09
Cuc: 7.314608e-06
Cus: 7.178634e-06
Crc: 231.093750
Crs: 143.187500
Cic: 1.192093e-07
Cis: 4.656613e-08
