svid: 121
toe: 198000.000000
Week Number: 953
valid: 3
health: 0
sqrta: 5282.615788
e: 0.000874
M0: 0.848554
w0: -0.715399
i0: 0.976366
Omega0: -1.852097
deltaN: 4.201961e-09
di/dt: 5.346651e-10
OmegaDot: -7.044579e-09
Cuc: 2.723653e-06
Cus: 4.869420e-06
Crc: 273.671875
Crs: 54.593750
Cic: 3.771856e-08
Cis: -5.587935e-09
