svid: 102
toe: 198000.000000
Week Number: 953
valid: 3
health: 0
sqrta: 6493.496407
e: 0.001093
M0: 0.012792
w0: -1.461197
i0: 0.121218
Omega0: -1.498348
deltaN: 8.124981e-09
di/dt: 4.250177e-11
OmegaDot: -7.264945e-09
Cuc: 4.418660e-06
Cus: -3.935536e-05
Crc: 1214.250000
Crs: 133.203125
Cic: -1.364388e-07
Cis: -4.051253e-08
