svid: 120
toe: 442800.000000
Week Number: 907
valid: 3
health: 0
sqrta: 5282.633652
e: 0.000878
M0: 0.443528
w0: -0.532449
i0: 0.973443
Omega0: -2.410878
deltaN: 3.712297e-09
di/dt: 5.214503e-11
OmegaDot: -6.735281e-09
Cuc: -5.105510e-06
Cus: 6.522983e-06
Crc: 239.218750
Crs: -105.281250
Cic: 2.468005e-08
Cis: 1.071021e-08
