svid: 101
toe: 198000.000000
Week Number: 953
valid: 3
health: 0
sqrta: 6493.333654
e: 0.000317
M0: -2.923322
w0: 2.514314
i0: 0.109799
Omega0: -1.482685
deltaN: 7.140297e-09
di/dt: 1.892936e-11
OmegaDot: -6.253832e-09
Cuc: -7.450581e-08
Cus: -3.605196e-05
Crc: 1104.656250
Crs: -9.515625
Cic: -7.078052e-08
Cis: -1.755543e-07
