svid: 27
toe: 439200.000000
Week Number: 215
valid: 3
health: 0
sqrta: 5153.669987
e: 0.011575
M0: 1.989329
w0: 0.738682
i0: 0.967464
Omega0: 1.323888
deltaN: 4.122315e-09
di/dt: -1.107189e-10
OmegaDot: -7.887114e-09
Cuc: 3.209338e-06
Cus: 8.430332e-06
Crc: 219.437500
Crs: 63.562500
Cic: -2.402812e-07
Cis: -1.154840e-07
