svid: 25
toe: 295184.000000
Week Number: 215
valid: 3
health: 0
sqrta: 5153.730040
e: 0.011093
M0: 2.350832
w0: 1.051633
i0: 0.953532
Omega0: 0.269269
deltaN: 4.665194e-09
di/dt: -4.575191e-10
OmegaDot: -7.751751e-09
Cuc: 1.387671e-06
Cus: 8.635223e-06
Crc: 205.656250
Crs: 32.093750
Cic: -3.725290e-09
Cis: -2.440065e-07
