svid: 24
toe: 302400.000000
Week Number: 215
valid: 3
health: 0
sqrta: 5153.642761
e: 0.013876
M0: -1.028032
w0: 0.893281
i0: 0.933753
Omega0: -0.853522
deltaN: 5.523802e-09
di/dt: 1.321484e-10
OmegaDot: -8.411422e-09
Cuc: 3.166497e-07
Cus: 6.066635e-06
Crc: 247.031250
Crs: 0.343750
Cic: 2.365559e-07
Cis: 2.663583e-07
