svid: 29
toe: 302400.000000
Week Number: 215
valid: 3
health: 0
sqrta: 5153.771469
e: 0.002548
M0: 0.960797
w0: 2.392689
i0: 0.976372
Omega0: 1.404759
deltaN: 4.035525e-09
di/dt: -1.375057e-10
OmegaDot: -7.870685e-09
Cuc: 5.014241e-06
Cus: 5.923212e-06
Crc: 270.250000
Crs: 102.187500
Cic: 3.725290e-09
Cis: -2.980232e-08
