svid: 22
toe: 201584.000000
Week Number: 261
valid: 3
health: 0
sqrta: 5153.717859
e: 0.014373
M0: -1.876793
w0: -1.138408
i0: 0.961700
Omega0: 0.893943
deltaN: 4.445185e-09
di/dt: 3.550148e-10
OmegaDot: -8.267487e-09
Cuc: 7.698312e-06
Cus: 6.813556e-06
Crc: 252.125000
Crs: 148.500000
Cic: -1.043081e-07
Cis: 3.203750e-07
