svid: 2
toe: 201600.000000
Week Number: 261
valid: 3
health: 0
sqrta: 5153.709723
e: 0.016041
M0: -2.144898
w0: -1.207360
i0: 0.967711
Omega0: 2.815098
deltaN: 4.055526e-09
di/dt: -2.217950e-10
OmegaDot: -7.723536e-09
Cuc: -5.288050e-06
Cus: 1.120381e-05
Crc: 161.562500
Crs: -107.406250
Cic: 7.264316e-08
Cis: 3.576279e-07
