svid: 21
toe: 446400.000000
Week Number: 215
valid: 3
health: 0
sqrta: 5153.623581
e: 0.024671
M0: 2.974453
w0: -0.757597
i0: 0.961699
Omega0: 2.289145
deltaN: 4.331252e-09
di/dt: 1.864363e-10
OmegaDot: -7.861756e-09
Cuc: 3.175810e-06
Cus: 4.183501e-06
Crc: 293.093750
Crs: 62.656250
Cic: 4.097819e-08
Cis: 3.986061e-07
