svid: 20
toe: 302400.000000
Week Number: 215
valid: 3
health: 0
sqrta: 5153.550379
e: 0.004055
M0: -0.533405
w0: -2.878504
i0: 0.948805
Omega0: -3.027883
deltaN: 4.647336e-09
di/dt: -5.535945e-11
OmegaDot: -8.251058e-09
Cuc: -4.673377e-06
Cus: 5.649403e-06
Crc: 264.250000
Crs: -90.031250
Cic: 1.043081e-07
Cis: 1.676381e-08
