svid: 30
toe: 201600.000000
Week Number: 261
valid: 3
health: 0
sqrta: 5153.669764
e: 0.007021
M0: 0.883064
w0: -2.495293
i0: 0.935879
Omega0: -0.241025
deltaN: 5.007351e-09
di/dt: -6.635991e-10
OmegaDot: -8.292845e-09
Cuc: -2.924353e-07
Cus: 1.270324e-05
Crc: 122.093750
Crs: -10.500000
Cic: 3.352761e-08
Cis: 5.960464e-08
