svid: 3
toe: 201600.000000
Week Number: 261
valid: 3
health: 0
sqrta: 5153.746029
e: 0.005302
M0: 0.615854
w0: 1.065700
i0: 0.983670
Omega0: -2.334945
deltaN: 4.112671e-09
di/dt: 6.921717e-10
OmegaDot: -7.894972e-09
Cuc: 2.870336e-06
Cus: 1.019053e-05
Crc: 195.718750
Crs: 59.218750
Cic: -8.195639e-08
Cis: 5.587935e-08
