svid: 4
toe: 288000.000000
Week Number: 215
valid: 3
health: 0
sqrta: 5153.668325
e: 0.002376
M0: -1.709282
w0: -2.977520
i0: 0.962431
Omega0: -1.778225
deltaN: 4.515545e-09
di/dt: 5.271648e-10
OmegaDot: -7.851041e-09
Cuc: -1.559034e-06
Cus: 8.860603e-06
Crc: 209.187500
Crs: -24.562500
Cic: 3.725290e-09
Cis: -2.980232e-08
