svid: 5
toe: 302400.000000
Week Number: 215
valid: 3
health: 0
sqrta: 5153.675745
e: 0.005952
M0: 1.273142
w0: 1.145704
i0: 0.966288
Omega0: -2.905575
deltaN: 4.188746e-09
di/dt: -7.607460e-11
OmegaDot: -8.013548e-09
Cuc: -5.090609e-06
Cus: 6.686896e-06
Crc: 257.468750
Crs: -97.125000
Cic: -7.450581e-08
Cis: -4.470348e-08
