svid: 6
toe: 201600.000000
Week Number: 261
valid: 3
health: 0
sqrta: 5153.603884
e: 0.003087
M0: 1.891386
w0: -0.710373
i0: 0.990039
Omega0: 2.912272
deltaN: 3.445501e-09
di/dt: -2.228664e-10
OmegaDot: -7.545314e-09
Cuc: -5.699694e-06
Cus: 1.269020e-05
Crc: 147.843750
Crs: -111.500000
Cic: 5.029142e-08
Cis: 5.029142e-08
