svid: 7
toe: 446400.000000
Week Number: 215
valid: 3
health: 0
sqrta: 5153.742226
e: 0.017329
M0: 0.184289
w0: -2.194074
i0: 0.950246
Omega0: -0.764061
deltaN: 5.093426e-09
di/dt: -2.035799e-11
OmegaDot: -8.450352e-09
Cuc: 6.742775e-07
Cus: 7.374212e-06
Crc: 231.250000
Crs: 8.406250
Cic: -9.313226e-08
Cis: 1.806766e-07
