svid: 8
toe: 446384.000000
Week Number: 215
valid: 3
health: 0
sqrta: 5153.704462
e: 0.008460
M0: 3.009081
w0: 0.268724
i0: 0.958585
Omega0: 1.300490
deltaN: 4.243034e-09
di/dt: -1.517920e-10
OmegaDot: -7.851041e-09
Cuc: 3.213063e-06
Cus: 8.245930e-06
Crc: 219.718750
Crs: 62.562500
Cic: -6.332994e-08
Cis: -7.078052e-08
