svid: 9
toe: 201584.000000
Week Number: 261
valid: 3
health: 0
sqrta: 5153.679461
e: 0.002666
M0: -1.975105
w0: 2.005088
i0: 0.957731
Omega0: -1.314746
deltaN: 5.331293e-09
di/dt: -1.617925e-10
OmegaDot: -8.500354e-09
Cuc: -1.072884e-06
Cus: 4.030764e-06
Crc: 303.312500
Crs: -22.625000
Cic: -3.352761e-08
Cis: 4.842877e-08
